-2.093310 0.777093 15.335463
0.981986 1.167891 14.466849
-2.448903 -2.764054 12.483301
-1.465911 1.309901 14.595726
1.785192 1.887463 13.473313
-1.821504 -2.231246 11.743564
-0.763671 0.137208 15.964149
2.758219 0.236530 15.401744
-1.119263 -3.403938 13.111987
-1.636962 -1.221900 17.760449
1.547331 -1.617431 17.854526
-1.992555 -4.763047 14.908287
-1.465911 1.309901 14.595726
1.785192 1.887463 13.473313
-1.821504 -2.231246 11.743564
-0.763671 0.137208 15.964149
2.758219 0.236530 15.401744
-1.119263 -3.403938 13.111987
-1.636962 -1.221900 17.760449
1.547331 -1.617431 17.854526
-1.992555 -4.763047 14.908287
-0.763671 0.137208 15.964149
2.758219 0.236530 15.401744
-1.119263 -3.403938 13.111987
-1.636962 -1.221900 17.760449
1.547331 -1.617431 17.854526
-1.992555 -4.763047 14.908287
-11.469302 -13.191779 7.117988
-0.077967 -0.776429 -0.625363
10.030378 0.000000 0.000000
