-0.368824 -0.794588 15.129313
1.493623 -0.725472 15.141474
-0.264880 -3.196695 12.862642
1.894236 -0.284301 14.692314
3.811205 0.053133 14.422625
1.998180 -2.686408 12.425643
-3.187843 0.477948 13.651468
-1.759232 0.870123 13.301372
-3.083899 -1.924159 11.384797
0.019952 -2.555077 17.012821
1.764662 -2.682636 17.228010
0.123896 -4.957184 14.746150
1.894236 -0.284301 14.692314
3.811205 0.053133 14.422625
1.998180 -2.686408 12.425643
-3.187843 0.477948 13.651468
-1.759232 0.870123 13.301372
-3.083899 -1.924159 11.384797
0.019952 -2.555077 17.012821
1.764662 -2.682636 17.228010
0.123896 -4.957184 14.746150
-3.187843 0.477948 13.651468
-1.759232 0.870123 13.301372
-3.083899 -1.924159 11.384797
0.019952 -2.555077 17.012821
1.764662 -2.682636 17.228010
0.123896 -4.957184 14.746150
-11.606589 -21.102849 -2.139199
0.031457 -0.726953 -0.685966
9.812169 0.000000 0.000000
